umpu_en:0.357244ms
umpu_dis: 0.339512ms
